R1:5416
R2:3011
R3:468
T1:22
T2:36
T3:95
A:0.000789787
B:0.000324949
C:-3.07362e-007
Beta:3826.36
